1000 100
0.5
11 -136 -348 739 6 5
10 -170 -754 79 -2 0
8 -101 -314 833 0 -8
14 -114 -392 426 -6 7
1 129 447 -299 1 4
6 -116 -266 717 -2 4
19 -140 -161 853 -8 9
12 174 651 102 9 -10
5 176 165 130 -8 -7
16 -135 -396 -913 5 -2
11 181 455 454 -2 6
1 120 292 636 9 7
8 -125 -412 534 2 -4
7 183 118 -102 -4 6
8 149 594 -930 1 -10
15 -119 -116 334 3 4
17 185 501 -516 3 9
10 -125 -324 -633 -4 2
2 -162 -728 -169 0 3
16 -186 -285 -114 -5 10
11 -161 -990 -235 3 6
1 -118 -500 -722 1 -6
7 -159 -835 -134 7 1
3 -161 -511 561 -4 -5
13 -194 -391 -575 2 8
6 -111 -164 -821 -3 -6
5 183 997 602 -10 0
16 -162 -678 -360 -3 -3
1 144 634 -584 -1 -6
17 -141 -512 -730 -9 4
2 145 562 754 5 7
14 127 125 -518 5 -5
19 -186 -314 -662 -2 -2
4 -197 -189 -355 -7 -5
12 -176 -694 -778 -2 4
3 -190 -309 -929 -4 -9
5 140 664 -264 -10 -5
17 180 658 113 2 -9
11 -189 -593 -893 2 -7
14 169 660 490 8 -7
2 -152 -258 -206 6 1
18 148 286 792 6 -9
16 179 851 -420 5 6
16 190 803 656 1 -5
16 -193 -634 -842 10 5
5 186 194 -691 5 -1
18 -112 -595 991 -3 1
18 106 422 -961 0 0
12 139 170 -471 -4 8
11 -196 -639 -447 -7 -5
18 137 854 -277 5 3
7 133 456 666 -2 10
7 -169 -344 -804 -5 1
3 199 814 163 -6 5
8 101 881 747 -5 -5
8 188 223 -686 -7 9
12 -170 -428 -272 -3 9
10 111 726 14 7 5
3 -193 -889 -536 1 -6
9 171 321 634 5 -7
6 152 535 -547 3 2
14 110 802 -810 8 -5
5 -170 -136 68 6 7
13 153 759 -432 8 -6
19 176 374 304 4 -5
4 180 786 972 -5 5
10 -154 -254 31 1 -6
11 -170 -299 -13 -7 2
15 -171 -851 33 -8 1
15 116 954 -802 2 6
5 -193 -815 -652 4 0
18 187 860 -347 5 10
12 126 184 25 -3 -9
9 -115 -545 142 2 -6
5 106 801 185 -3 -4
1 -145 -126 907 -1 -10
1 -150 -854 -523 10 -2
4 -134 -346 138 3 2
5 -185 -822 -103 -6 -10
14 114 909 632 5 -8
12 -194 -793 -365 5 3
2 -111 -622 -917 8 2
10 102 851 887 2 7
2 138 990 -881 -8 10
9 -195 -504 291 -1 10
13 137 701 -799 -7 6
10 171 241 326 -9 -7
5 -124 -866 727 3 5
9 -101 -361 719 -1 -9
9 117 567 -659 9 -1
9 -133 -468 -389 10 -9
3 -196 -586 -450 1 10
12 -132 -359 -680 -4 6
13 123 263 -694 4 -10
4 101 481 919 -7 -1
17 132 158 403 5 9
7 -152 -677 405 3 -10
11 -151 -238 -961 3 7
2 146 945 65 -8 -3
19 -145 -855 -518 -9 -6
5 -153 -342 -608 -7 -5
2 -197 -637 859 -1 -10
15 187 384 -883 -8 5
6 -125 -590 168 8 -5
5 121 561 24 0 1
6 108 982 -243 4 -6
1 147 608 -86 9 7
11 -140 -949 432 0 8
5 -136 -505 -846 2 9
14 -151 -478 296 -4 -1
1 -132 -610 144 10 3
13 110 203 -337 3 -8
3 184 604 -477 2 -8
16 184 765 94 6 6
7 -122 -737 420 3 -4
5 130 766 -783 0 -5
1 127 781 594 0 -2
19 106 939 -305 -10 9
2 167 637 721 -10 -5
4 -175 -364 -311 -10 10
14 -151 -940 -421 -10 -10
6 -103 -336 -478 10 -10
12 183 876 -801 -4 0
13 145 124 -178 -3 4
9 -195 -964 978 -2 8
4 103 416 -365 10 0
11 160 315 -745 -9 -1
4 -143 -821 -747 1 -8
16 -157 -718 -637 -4 -3
13 -120 -396 -19 -5 3
8 -183 -310 -177 8 -2
10 -139 -798 714 -8 -10
19 -191 -495 -95 6 -7
4 -126 -569 63 -3 0
8 -176 -856 719 -2 -2
18 -172 -800 -446 -2 7
19 144 336 -799 -4 5
16 -185 -347 198 8 -2
12 155 358 84 7 -8
12 147 306 -448 0 7
16 161 944 50 0 -2
13 112 362 -62 -6 9
15 106 359 -366 7 -4
19 -130 -301 757 5 -2
6 184 363 969 10 -3
10 138 867 289 2 9
17 -113 -1000 -507 -4 9
7 191 293 259 -5 -2
7 -132 -371 832 7 5
18 -131 -459 389 -3 0
14 101 453 44 3 5
3 139 263 -77 -5 4
6 117 883 -219 -2 -2
10 -146 -802 -565 5 -10
5 176 653 -483 6 -2
16 -155 -644 -644 -6 -3
9 189 312 -609 9 5
10 -192 -581 973 2 8
8 -174 -375 -654 -3 -5
7 -169 -404 -300 -6 -6
12 175 983 70 6 -5
11 -112 -326 580 -6 -2
18 -152 -121 187 2 6
7 163 783 235 9 6
17 -180 -534 876 6 -6
1 101 228 167 0 -6
15 127 403 934 -4 10
10 -132 -119 -206 9 -8
16 -158 -418 5 -3 -4
11 -150 -210 -106 -10 -7
11 108 300 25 6 10
4 -191 -767 51 -9 6
8 -141 -233 -717 2 5
19 198 215 904 6 -8
14 -116 -447 448 5 -6
8 115 349 -126 7 -10
15 -151 -589 -938 9 -3
7 100 283 689 -4 -5
6 -123 -533 -375 -9 -7
18 -122 -754 539 -6 8
18 -151 -665 392 5 8
4 147 185 -923 5 -2
12 -197 -311 993 5 0
19 -176 -683 -440 1 -6
4 105 458 345 3 -10
12 -183 -418 147 -2 7
3 -120 -112 543 10 -6
11 138 313 -407 -9 10
7 -185 -946 -409 9 0
15 -189 -420 345 6 -10
13 146 478 956 -7 -3
17 132 652 -183 -3 10
13 191 427 888 -2 -5
13 -152 -630 360 4 -4
3 180 697 -415 -2 -9
1 194 813 -760 7 8
1 132 497 -582 -9 8
5 -128 -839 -568 -7 7
5 -110 -120 883 7 -10
16 184 705 626 -3 -8
3 -178 -296 -144 9 -2
15 161 661 620 -8 10
2 114 979 -217 -10 -9
5 -104 -913 -720 3 -4
9 -110 -751 790 -10 -2
2 -166 -449 -857 4 0
5 -156 -741 662 3 5
5 -122 -754 695 -6 3
14 125 319 126 -6 -5
1 115 755 548 4 -5
19 192 894 697 5 -1
5 -140 -749 17 5 6
14 164 177 -529 3 0
2 -180 -885 -917 -7 5
12 -183 -962 312 10 -5
14 -147 -396 479 -10 -1
10 -179 -254 478 9 -3
5 141 640 -238 10 -6
14 185 891 -567 -2 -10
4 -135 -595 -958 4 -7
14 -175 -918 325 -7 -6
14 115 644 -602 -1 -9
2 -122 -346 -971 6 -5
14 199 315 9 1 -10
19 116 472 -337 -8 -10
1 106 808 40 10 -5
16 -151 -479 -828 -8 2
14 -160 -843 -109 7 9
5 187 458 -231 3 -5
2 120 849 364 4 -7
15 -179 -852 -574 -3 -6
18 -169 -115 -775 -9 7
2 -156 -639 -343 2 -5
14 172 355 -160 -9 4
8 -119 -599 594 10 10
7 130 848 -303 -3 -5
2 199 780 -493 -5 2
19 124 644 86 10 -2
5 -186 -247 -847 1 -9
6 -136 -989 -717 -1 9
1 169 120 362 -8 9
3 -171 -807 -887 0 7
4 126 845 -831 10 -4
1 -169 -290 -859 -5 -1
9 -199 -829 -552 8 3
4 -108 -918 -657 -5 4
6 195 898 -62 -4 0
10 -151 -194 -359 0 -4
4 -148 -987 668 6 -9
15 -196 -215 980 -10 9
13 -123 -177 534 9 7
10 194 785 866 -5 9
6 153 147 182 4 -2
8 -189 -550 -390 -2 5
1 132 617 98 -9 -7
3 102 687 -900 7 -10
15 199 430 821 7 0
12 -162 -272 -602 -7 -4
4 196 390 575 10 -8
7 -162 -554 -810 -6 8
15 -158 -367 433 -2 -3
16 -149 -426 -915 -2 -4
6 198 789 298 -4 7
4 180 384 382 2 2
4 187 242 402 6 -4
15 149 501 -925 -10 -3
19 -188 -949 -436 -3 -6
8 172 568 519 -9 -6
18 148 716 -813 -2 -3
5 -155 -984 -312 7 8
3 159 794 -559 -6 -9
12 199 553 -358 2 -6
18 115 948 614 -6 6
16 -160 -797 52 -10 0
2 196 859 555 9 -5
6 109 771 -719 -8 -2
15 116 865 -189 -10 4
9 -150 -762 959 -1 -2
5 -169 -914 76 -4 9
5 175 491 987 7 -9
11 -173 -336 -583 4 -8
3 -147 -203 -780 3 0
7 -180 -204 239 -10 9
7 158 263 365 8 10
19 -150 -384 -788 2 10
7 168 629 -712 1 -3
3 -155 -927 970 9 10
16 -130 -738 -721 -6 -1
18 160 137 -315 -3 -5
15 -122 -834 827 10 10
16 103 -100 165 0 5
17 115 320 804 -1 1
11 149 330 -727 2 0
1 190 470 -447 2 0
17 113 243 -563 2 -7
5 121 117 890 7 8
3 -166 -216 -738 -3 -10
7 182 273 -689 -6 -7
15 -160 -162 34 -5 -3
3 191 752 513 7 -3
11 -121 -373 811 8 -9
15 195 666 971 -9 -6
15 -127 -673 760 -3 -6
12 178 545 -386 -9 1
16 199 990 883 3 -1
11 -121 -607 553 9 6
3 -170 -722 405 7 0
14 175 920 266 -7 5
19 -175 -720 -761 3 -1
7 196 999 179 -8 10
13 130 167 -153 -5 1
18 138 867 -553 10 8
15 -114 -766 -850 6 -1
17 102 572 572 9 9
12 -182 -404 627 2 -5
9 -179 -203 804 7 1
13 190 327 496 -5 -9
8 168 792 382 9 2
17 128 988 829 10 -9
1 135 229 -687 3 -2
2 -148 -775 -74 -4 9
15 -151 -470 -415 -8 7
8 114 750 946 -8 -8
11 -188 -813 928 7 -4
11 -101 -484 -805 1 10
8 166 149 -136 -4 -4
6 110 552 -552 -8 -6
8 143 909 527 6 -10
8 135 579 405 -3 -3
4 196 265 -195 -9 -6
11 186 812 -234 -4 -5
17 -154 -216 -259 4 5
10 -101 -293 -482 1 5
12 -178 -328 784 8 -8
6 -155 -927 450 6 -10
9 180 969 888 -7 10
16 -134 -534 52 -1 2
5 -102 -515 -33 -4 5
3 -177 -321 454 0 -4
9 107 500 -878 7 2
5 170 147 -754 -7 2
4 -152 -604 64 -7 -4
6 194 709 844 2 1
12 193 863 373 -3 -7
10 -172 -434 150 -4 -7
14 153 545 106 -6 -5
14 145 748 38 9 -3
13 -196 -582 266 -4 5
6 198 901 4 10 7
16 124 752 -887 -5 -5
14 158 759 184 5 1
12 151 413 -830 -3 -2
19 -134 -227 -838 2 8
13 -122 -604 99 -5 10
1 134 840 887 6 -10
9 -103 -702 503 5 -4
16 -182 -863 -787 6 -6
7 177 762 -765 1 -7
14 -188 -911 783 5 5
15 -190 -418 818 -2 10
4 157 195 -692 -5 -2
10 -151 -842 -557 -3 -6
13 -111 -692 350 9 -4
15 144 679 629 4 9
18 -140 -345 -235 -9 4
4 121 583 717 -2 6
7 -183 -489 -464 0 -9
18 -147 -363 -754 -5 3
4 -159 -533 733 -8 8
14 -116 -253 -42 1 -3
15 -186 -311 -405 8 -9
2 -118 -593 594 8 7
13 -136 -597 -214 7 0
2 -182 -553 821 4 -2
1 174 117 939 5 1
17 171 477 509 7 2
8 -152 -850 -823 7 -4
7 199 183 461 -4 0
9 131 156 358 2 -9
2 -124 -518 -186 -2 -8
12 -159 -626 -231 5 -9
14 -112 -649 967 7 -8
17 -189 -951 -905 -6 2
18 -140 -416 229 3 -10
13 184 703 344 -3 2
17 -138 -362 898 3 3
14 -196 -354 141 -5 9
12 105 746 -590 -8 -7
17 126 390 566 -3 0
2 171 104 -90 1 7
10 -153 -592 105 -3 2
17 165 505 76 -6 6
8 -177 -710 -668 -8 7
4 -186 -470 -151 9 -9
9 193 673 514 5 -6
5 -153 -872 -285 4 7
1 123 148 -712 4 2
4 163 161 -784 8 4
16 -105 -749 -285 10 -2
9 149 342 939 -3 -2
10 146 549 -398 3 9
5 -173 -109 903 10 0
18 136 692 802 4 2
11 -134 -888 841 3 5
4 -115 -640 516 0 -10
8 110 998 -373 -6 -3
19 124 378 -773 -6 3
5 -181 -220 -777 4 -1
13 -187 -406 -593 3 7
3 147 285 571 -9 0
8 -119 -670 282 -1 -5
11 104 493 150 10 1
11 -102 -178 479 -4 10
15 -178 -436 -720 -2 4
2 192 480 548 10 9
5 -121 -875 470 3 8
3 -174 -715 110 -9 -6
13 143 420 -492 -2 1
8 -196 -157 -206 4 -3
2 129 981 346 2 2
2 105 640 951 -1 1
19 114 411 1 2 -7
18 156 380 796 -9 -6
11 119 696 437 -10 5
15 -166 -777 -794 -4 8
13 169 224 -990 6 3
6 -175 -422 526 -9 -7
6 -136 -833 -797 0 6
11 184 182 -867 -6 -9
5 109 151 189 7 1
5 118 880 -915 -1 -3
1 -180 -436 63 4 9
11 177 800 -613 -6 -10
9 133 546 84 -7 8
18 127 579 890 5 -1
5 -141 -155 -481 7 10
19 197 689 -154 -6 -2
11 158 759 429 6 3
1 188 392 -161 -2 -3
2 132 743 619 3 -10
15 -184 -352 884 -7 -5
11 -132 -386 -184 2 2
11 -181 -812 494 9 -1
3 -145 -368 -832 7 -6
11 -117 -278 45 2 0
10 178 843 655 5 10
13 159 777 -182 10 4
12 166 181 19 6 4
6 120 137 -133 -8 -5
10 158 269 526 1 -3
10 185 184 409 0 -2
2 -132 -965 -61 2 5
16 -167 -984 464 -8 0
10 -142 -235 -161 -3 3
9 -168 -465 -43 1 -10
12 168 996 553 -1 10
3 -120 -433 488 -3 -2
8 -126 -776 52 0 -2
19 -105 -295 -24 6 10
8 175 473 311 7 1
7 138 970 -20 -10 5
8 -164 -330 488 -3 10
8 131 152 -150 9 1
10 172 976 -968 -8 7
14 199 534 -459 0 0
6 -121 -482 -138 -6 -7
19 124 709 347 -8 9
13 -143 -592 538 5 7
8 -147 -778 -971 -7 -3
6 122 821 -544 9 -9
5 -120 -473 -144 9 -5
11 118 590 -681 -2 -2
15 102 118 -521 2 9
1 -165 -719 -537 -8 5
9 185 115 -726 7 7
1 104 612 -458 10 -9
6 199 670 708 6 4
6 162 868 -463 4 10
14 193 992 111 0 -6
8 -155 -437 -269 3 -7
13 -137 -925 -159 -6 -8
18 -110 -883 900 8 -1
4 -137 -856 687 2 3
2 149 449 -207 -6 -1
17 102 783 -563 4 -4
5 -173 -823 -906 5 -5
2 -173 -470 542 3 10
16 101 537 497 -10 1
16 -125 -578 159 6 6
4 131 720 -616 2 -1
3 -196 -757 -822 3 -1
16 -135 -770 -623 -8 7
9 -112 -890 513 9 4
4 -174 -450 618 -6 -8
12 196 684 -856 -4 0
10 -170 -952 -970 -5 9
7 134 904 843 -1 -5
17 -184 -630 234 -10 7
2 130 530 -596 7 1
7 153 396 493 -7 -7
3 -189 -820 434 9 10
7 128 556 785 -7 9
10 150 996 794 -8 1
3 147 803 451 3 -7
19 -132 -106 280 -9 -10
7 -167 -726 327 10 -8
16 130 550 817 -4 -10
17 115 522 574 10 9
3 179 815 903 -4 2
3 141 156 -950 -6 10
1 -177 -417 -86 -3 1
16 -107 -587 -990 10 10
12 -115 -679 -63 7 -8
13 144 841 -52 -7 -3
11 -188 -185 258 10 -5
1 -158 -334 -765 -3 -9
15 154 450 70 -2 1
10 -121 -341 714 1 -5
19 130 709 146 0 2
19 -122 -817 273 -10 -7
12 124 513 993 -2 8
10 160 505 815 -2 -8
14 -151 -710 -407 -9 -7
6 -129 -561 -833 -2 3
10 177 809 978 0 10
12 -153 -743 713 -6 -9
9 190 730 -290 3 -10
15 166 181 151 9 4
18 -121 -693 -116 -5 9
10 185 938 490 -1 -3
4 109 533 -536 8 -5
2 161 699 -924 2 3
2 -187 -595 731 -6 6
15 -149 -690 353 -2 -6
11 122 560 985 -8 9
4 168 507 -282 -4 5
14 -188 -244 -447 10 9
5 149 979 -720 8 -7
17 -173 -640 -670 5 0
13 -144 -792 412 -10 2
5 198 602 -313 3 -4
3 -184 -160 -989 9 -5
12 189 991 -481 0 10
10 186 366 908 -6 -5
8 148 697 -410 7 0
16 -181 -434 -984 -10 -1
2 -122 -650 672 10 8
17 120 701 914 3 -7
11 107 294 998 -1 -2
9 138 176 131 -10 3
17 -184 -626 181 3 10
15 -143 -124 -35 10 -9
19 -143 -844 564 -6 -10
11 116 194 438 5 4
18 142 711 577 -10 9
18 142 291 132 -7 7
16 177 176 -918 -2 -2
9 -116 -603 -72 9 1
3 -120 -621 -814 -5 -9
11 -106 -183 -812 3 5
6 -107 -517 -532 8 5
15 -133 -542 408 1 -6
13 -104 -203 547 -6 -6
12 162 471 460 -10 -4
19 178 106 342 -3 5
15 -148 -824 -113 -10 -6
1 189 322 -900 -10 2
4 181 981 -287 -7 6
13 133 747 959 -8 -7
15 -107 -431 -808 -7 4
6 119 853 -662 -4 5
9 -144 -161 -199 -6 6
4 -109 -496 657 -1 9
4 -192 -124 317 4 2
4 121 816 -806 -2 -8
1 198 469 890 -7 5
15 102 547 -789 -8 8
2 112 241 -223 -5 7
2 116 720 413 4 8
19 199 322 -728 2 -10
19 163 324 432 10 -2
17 137 854 590 -10 -3
2 193 564 -269 -5 -9
9 -156 -959 823 4 9
8 126 187 -969 -3 -1
19 -140 -425 616 3 8
11 -108 -855 67 9 7
16 166 342 -297 -9 4
6 -176 -109 715 -2 5
11 -111 -601 -629 -5 0
6 -167 -781 911 8 -8
4 147 865 -62 -4 3
16 -116 -343 -363 0 0
18 195 362 11 -7 -1
4 -119 -877 -602 -6 8
17 139 818 -579 -7 8
15 -124 -534 -364 3 -1
2 -174 -712 279 3 8
1 -173 -150 -74 -4 2
7 -161 -417 -501 2 -10
19 -136 -345 185 9 7
7 196 151 -758 -1 2
12 -148 -870 232 5 8
3 -136 -512 868 5 -10
2 149 620 909 6 -5
10 114 852 38 -10 10
17 199 220 251 7 -2
13 128 244 -448 -4 -2
16 -118 -222 -112 6 5
1 -150 -485 -575 8 -9
6 -169 -585 694 -5 -7
7 113 792 436 -1 -8
10 101 150 990 -8 3
14 -109 -310 443 4 -3
17 -166 -669 -722 -6 -5
6 -192 -145 -595 -3 3
6 148 263 -280 7 -1
13 115 592 458 -8 3
16 162 630 -776 -4 -1
4 -117 -209 -54 3 -4
1 -141 -694 142 9 9
7 -178 -875 -81 -9 -1
15 -108 -372 346 -6 9
16 117 712 -500 -10 -3
9 -176 -356 -590 -2 2
5 114 590 636 1 1
13 108 122 249 -3 5
10 199 364 -740 3 2
5 175 466 909 8 6
10 -166 -959 611 -7 5
3 -196 -137 -169 -9 4
11 157 154 113 -10 7
16 172 250 -562 -10 6
1 -190 -502 -310 5 -4
15 131 125 -825 2 -7
12 102 375 -377 0 6
10 131 485 220 0 -1
8 -181 -362 -557 2 0
15 187 601 -539 1 -6
8 178 255 -433 -3 2
16 -150 -880 329 9 9
2 149 748 -932 -9 -6
7 -137 -202 769 0 6
13 159 949 637 -7 6
11 -130 -432 -389 -5 -3
3 173 283 988 1 0
19 125 659 -352 -3 -8
10 119 780 81 0 -5
13 134 238 -641 1 0
16 148 929 -412 -6 10
3 176 925 619 5 -9
10 118 816 85 5 2
13 194 198 791 -2 -4
15 190 548 -90 7 4
4 -132 -326 -368 3 6
6 -132 -668 939 -2 -8
18 193 924 -268 4 9
3 -138 -624 613 0 0
12 -103 -451 -537 8 -1
16 -113 -711 -566 3 -9
18 -117 -612 -338 -6 -4
6 192 324 -617 1 1
8 -190 -169 654 6 0
14 -120 -903 -712 3 6
14 189 156 477 4 9
14 -193 -903 882 -6 8
19 -173 -248 -604 1 -6
14 169 614 403 -7 1
10 -114 -257 -810 -3 10
15 169 968 -580 6 -6
1 197 952 923 6 -9
2 133 255 403 8 0
11 152 135 168 -4 -4
10 143 301 179 10 8
3 -119 -147 709 -5 -1
13 175 762 -115 10 5
12 128 832 485 -10 -4
9 -181 -246 -453 -3 -5
13 149 189 913 0 -4
5 143 241 654 -3 10
7 -136 -840 491 2 4
2 152 355 912 3 4
3 -150 -386 -423 7 7
14 111 615 179 -8 -3
19 -131 -965 990 7 3
9 150 104 -667 4 3
3 164 555 75 2 8
13 126 835 990 6 -1
1 136 338 774 -6 -8
6 -191 -122 -520 -7 -7
2 -114 -614 408 -3 9
9 122 433 -235 9 8
7 -144 -145 133 9 -6
16 -102 -442 -509 -8 1
17 136 140 36 -8 -2
17 122 460 413 1 9
19 159 924 157 2 10
19 177 581 673 -10 8
12 -188 -432 -873 2 6
12 174 182 -579 0 7
16 -174 -214 -414 -8 -2
9 168 789 -432 0 -10
19 -160 -786 -903 -10 -3
16 190 729 -411 2 9
3 -157 -129 -364 10 5
1 126 502 -290 7 7
3 166 478 228 3 -4
17 175 494 744 10 -7
6 198 848 539 -5 -5
17 -189 -820 803 7 7
11 121 835 -383 -5 6
7 -190 -484 437 -9 7
11 -144 -223 -670 -5 8
5 105 786 670 -7 7
2 132 795 836 -9 -6
14 146 925 -264 -8 7
17 150 864 -169 -9 5
4 -129 -274 -485 -3 -7
11 156 471 198 5 0
7 133 351 -977 0 -2
6 139 713 334 3 -4
13 -155 -110 -368 -7 -3
1 108 933 -810 0 5
12 -177 -221 863 -9 -4
16 -111 -898 262 -1 0
9 -169 -442 309 10 -1
11 -187 -240 896 1 9
18 176 154 -338 -10 -5
13 183 658 -378 1 -4
7 -140 -982 304 -3 -9
19 -128 -427 179 -9 -7
3 187 680 -370 5 -8
4 120 891 -978 -2 -4
2 169 576 935 1 -5
10 -179 -336 422 9 10
15 199 747 -258 0 -10
16 -148 -502 -568 1 1
14 109 913 683 -6 4
11 -196 -502 -183 0 2
8 -189 -545 -687 9 -9
18 183 169 -851 2 -7
15 -108 -455 821 1 8
18 150 857 49 7 -8
10 114 618 974 -9 -2
17 -119 -819 -691 -3 -5
2 -184 -394 -882 -7 -1
4 -178 -356 50 0 9
7 107 677 -546 9 5
1 150 940 -702 -7 -8
3 -154 -968 -19 3 6
6 -189 -960 -130 -4 3
10 -152 -321 276 -10 -2
17 -162 -391 -152 -1 -9
4 183 545 -195 8 -10
1 115 426 357 4 7
10 103 512 -426 -9 0
16 125 149 0 -4 -1
7 147 679 -586 -1 -7
7 -141 -530 -458 6 -8
16 152 175 927 0 4
19 165 172 809 -7 -8
10 -121 -751 -328 2 4
18 -121 -106 -787 5 -10
2 -129 -725 -241 -7 -2
11 -150 -950 -777 4 9
16 149 661 -260 -6 1
16 -159 -678 -780 6 7
17 -138 -144 -683 -1 6
19 164 587 313 6 9
15 173 831 799 -8 3
6 -101 -663 156 -4 0
3 187 173 199 3 9
5 -110 -774 978 -6 9
18 -148 -416 879 -6 4
19 -195 -184 911 -2 1
3 -190 -380 -333 -4 -4
5 -169 -654 -118 -10 -2
10 -198 -615 -171 -9 -10
18 -199 -437 605 9 -6
4 -163 -369 349 5 3
5 -162 -842 -991 -6 -4
17 -109 -343 401 3 4
3 -114 -192 -487 9 -8
7 -106 -530 -677 -5 0
9 -149 -829 -252 1 6
7 -170 -807 782 2 4
2 -166 -129 573 0 8
2 117 331 490 -10 -6
4 198 175 442 6 -5
9 145 857 -989 7 -2
17 104 304 838 0 6
11 154 877 68 5 7
1 198 815 126 3 7
13 162 793 118 -2 2
9 124 447 552 -10 -5
4 -122 -262 -342 -4 9
14 159 544 -639 7 -8
9 -172 -832 806 8 -5
15 -195 -415 977 0 4
11 130 816 603 -8 -1
17 -189 -525 665 6 -6
3 -160 -576 659 10 -1
2 -141 -105 -12 -4 -5
12 -153 -857 106 2 -1
14 -117 -375 53 -9 1
12 -153 -696 361 -6 -9
6 -151 -408 -279 0 10
14 -161 -447 546 4 -3
1 -128 -643 -40 4 7
4 -192 -121 385 6 7
18 -111 -152 308 3 3
12 -185 -508 209 -7 -7
19 154 482 -212 -6 7
13 -112 -616 -419 6 -2
6 -139 -658 -359 2 -7
3 -189 -364 -271 6 -1
4 -152 -534 817 0 9
15 105 841 286 1 -10
6 -134 -997 440 -6 4
8 132 908 752 9 10
19 -192 -163 57 -8 -8
17 148 537 491 0 -8
7 198 850 -30 4 -5
5 -136 -720 -227 -5 -5
1 -199 -416 -365 -5 -6
19 126 115 584 -2 6
6 129 221 -602 -10 5
17 -182 -510 -185 5 10
16 147 416 572 9 -2
2 -172 -761 -710 -5 0
12 -151 -330 -920 1 0
11 -136 -188 239 9 8
8 185 964 676 0 4
1 162 472 -598 -2 1
7 -175 -568 -6 -2 10
18 -133 -167 -282 2 2
6 -194 -769 -606 5 10
5 136 797 -255 -10 2
7 151 340 -436 -10 4
13 115 639 -122 5 6
15 -133 -111 -328 -9 -10
15 139 669 155 -5 -6
3 173 252 -434 -3 8
3 -159 -668 -300 6 8
2 167 983 869 -4 9
11 -101 -694 995 9 -4
6 122 697 -473 -7 -9
11 -181 -636 241 -9 0
6 157 214 -584 -2 9
8 -125 -620 778 8 -7
19 134 677 -521 5 5
12 139 589 -685 10 3
4 -125 -224 470 3 -1
15 120 653 579 -1 7
18 -162 -272 -652 1 6
16 141 303 407 4 2
17 -163 -833 -389 7 10
11 -184 -693 679 0 6
17 -174 -659 622 -1 3
18 141 800 960 -9 8
14 -114 -535 288 10 -7
18 -173 -372 -766 10 8
13 -148 -838 -832 8 -8
10 165 239 -83 -5 -3
4 172 417 -25 -3 -1
18 119 651 731 4 4
19 -136 -583 240 -8 7
16 158 889 -932 5 8
4 143 897 -612 2 -4
15 173 266 -724 7 6
2 185 814 532 2 7
8 -184 -848 604 6 4
18 -178 -689 -81 0 5
12 182 340 -29 0 -2
3 199 718 520 0 -2
19 -199 -555 -761 3 -2
9 112 817 805 -7 1
1 175 162 -255 -6 3
11 106 114 79 4 -3
18 182 214 44 -4 -6
11 -177 -841 915 7 -4
8 151 399 -431 4 -2
5 -122 -835 194 5 7
4 146 387 866 -7 -6
3 -121 -467 -866 5 1
13 148 775 -552 9 5
7 141 133 287 -1 2
16 110 858 -489 -7 0
11 -157 -740 716 1 6
5 -176 -260 -979 -1 -7
12 -127 -203 -186 -10 1
17 177 947 -508 1 5
4 117 145 -701 -4 -4
2 -143 -388 -352 8 4
8 113 316 283 -4 2
17 129 898 -662 5 8
9 -189 -241 447 -5 -3
7 -188 -252 -345 5 -1
7 -132 -280 50 -9 3
19 -146 -526 360 1 -1
17 -140 -948 84 0 7
5 152 857 -729 -9 -8
1 130 301 105 -6 7
15 -144 -449 -971 2 5
19 -178 -538 -816 -10 -8
2 -181 -819 237 7 3
12 -155 -562 -109 7 6
14 -194 -616 -864 -2 -1
12 -149 -547 -653 -2 -3
16 -171 -820 113 -6 2
10 -153 -912 988 10 -7
6 -105 -574 384 7 -7
5 -115 -532 21 9 6
6 178 567 -791 5 3
8 -114 -235 930 8 -3
5 168 543 920 10 0
12 -156 -383 -356 1 2
14 161 862 -901 1 6
14 198 697 -218 4 9
12 -161 -199 952 -9 -1
8 128 776 -334 -4 -8
4 104 158 -257 0 -9
18 -152 -814 -422 -2 -4
6 -102 -479 591 8 0
17 156 940 495 5 -7
17 195 616 269 1 10
5 -145 -907 -974 4 -7
1 191 301 739 5 3
3 -157 -857 171 9 3
6 191 956 781 4 8
10 -191 -130 -199 -3 -3
9 -140 -452 549 -7 6
13 126 484 -351 -6 6
6 173 877 112 -9 -3
1 -120 -603 796 -6 -2
9 199 647 -22 4 1
16 -116 -366 -405 -8 7
15 -106 -722 194 5 6
10 -154 -204 -765 4 -7
14 167 743 -349 -10 -7
9 143 431 -110 -6 10
18 116 935 19 0 -5
14 149 209 -74 -10 -8
3 -186 -718 -507 10 -4
13 112 814 -388 -9 -7
13 181 275 -141 -9 4
19 -110 -865 328 -5 0
1 -139 -127 -965 -6 8
2 102 332 -968 -6 2
14 -179 -610 -933 -7 6
3 100 770 -93 -5 -2
18 106 859 -162 -4 -1
7 -142 -323 726 -9 -5
4 123 260 -960 1 -6
10 153 930 -433 -5 -3
16 135 103 768 -4 -8
17 183 724 -761 -7 0
16 -135 -627 -779 2 10
15 -183 -641 -806 8 -2
10 -189 -168 488 -9 9
15 -131 -293 -728 -5 5
14 126 858 -45 -7 9
12 159 771 -966 -4 -2
16 137 211 160 0 9
6 -127 -545 -411 5 1
2 191 224 876 1 6
16 191 133 718 -8 9
2 166 851 -786 3 -8
16 -191 -854 -22 -3 7
17 154 451 -189 5 7
18 156 129 -602 -1 -7
8 -193 -549 -321 -6 3
8 150 737 -128 -10 -6
14 154 289 620 -10 -6
12 176 348 699 1 10
17 150 598 598 -9 -4
13 -178 -419 374 5 5
15 -152 -167 -199 6 -10
16 -117 -515 528 4 5
12 131 973 632 -5 -1
6 121 128 272 5 8
3 140 762 278 -7 6
1 158 847 -527 -8 -2
13 162 902 757 0 -7
8 -199 -298 -855 -5 -2
4 159 941 82 9 -4
1 -171 -252 828 -6 -3
2 116 394 383 -9 3
16 -166 -516 -257 -8 8
8 131 696 -428 -1 -6
19 139 -100 904 7 -4
8 -180 -726 678 5 -2
1 181 700 -157 -1 10
13 -150 -342 -392 -5 -5
4 -142 -213 -213 1 2
1 199 201 328 8 3
10 -198 -330 -910 -4 8
16 -125 -908 -91 1 -10
14 -157 -141 568 1 1
8 -160 -559 861 -3 5
