1000 100
0.1
3 -275 562 -676 -4 -9
17 -178 985 244 5 7
15 177 100 919 1 -4
16 148 972 275 -3 -10
19 189 -219 907 -5 -8
16 190 414 809 -3 -2
17 -205 -749 -579 -1 9
10 -129 766 -391 5 2
14 -230 -796 -466 1 -7
3 -143 334 793 1 3
12 -207 -672 -708 3 1
19 295 786 503 -2 6
13 213 971 -60 10 -9
11 -287 13 992 9 6
6 -242 -751 -525 -5 -4
3 142 -656 -743 -9 -9
16 -295 -149 927 3 -4
6 -118 912 -579 1 -3
1 -238 464 886 -1 0
1 -175 959 -396 -10 1
12 230 -107 -951 -9 4
2 135 -240 985 6 -6
9 -273 -822 -568 6 -10
9 133 864 224 2 -6
6 288 -959 -440 -4 -8
6 193 -995 -208 6 7
4 -279 -752 544 6 -8
15 142 772 -501 10 6
2 -202 -233 -907 -6 7
4 -218 740 -558 -9 -4
12 -194 -390 -911 -3 -4
17 102 948 -442 10 9
2 -194 725 -737 -6 7
13 296 692 657 6 2
18 270 -733 -408 -5 -3
12 -264 898 604 5 7
16 -136 -946 -172 2 -8
18 -275 557 817 -6 -2
16 -219 836 69 -5 -8
16 -100 -841 -315 -2 -10
7 266 -158 978 1 6
5 -152 -248 -928 10 -10
5 -199 709 -562 4 -6
9 -105 -218 871 0 -4
17 -130 873 -156 10 0
15 -185 -799 -740 1 -6
17 233 -672 -857 4 6
15 -163 -881 -237 2 -10
19 194 908 -54 -3 10
7 -298 484 -926 9 6
1 -192 -704 -600 -5 8
16 106 530 -883 -8 -7
14 155 130 -928 -4 -7
3 -218 -676 -514 8 -10
2 -276 696 708 -5 -10
15 268 614 827 -2 4
14 290 989 255 -6 0
7 219 899 -597 7 7
15 233 -650 -561 -7 -6
9 216 901 183 3 -9
3 136 -22 -905 0 -6
2 285 875 -126 6 5
18 288 243 876 -8 -8
10 -255 -486 -712 10 -9
7 174 -926 -192 3 -4
3 -186 -925 291 -8 -2
7 -265 -820 404 1 0
7 239 -566 -651 -6 -6
18 -284 669 -520 2 -1
3 229 848 -361 -1 0
9 287 807 -584 -3 2
4 -163 -929 -542 0 3
18 141 -364 -799 7 5
7 133 732 411 -8 7
3 -108 -443 819 -4 -10
1 253 820 -258 0 -5
7 -155 -91 -998 -7 -8
18 251 819 -488 7 -1
1 286 -860 245 9 -8
18 170 917 537 7 1
11 -229 893 542 2 4
2 154 -904 383 -1 5
4 -173 60 891 4 -4
13 -163 694 -687 4 5
10 281 645 548 2 -8
9 281 -522 -913 -5 2
11 267 769 -722 -9 -5
11 -277 913 -244 -9 -4
15 -224 885 -168 6 -9
2 164 -948 -511 -1 -5
14 -163 680 506 5 -8
1 154 -614 -662 5 5
13 -272 22 876 8 6
9 233 -909 -407 -2 0
5 268 -702 -796 3 1
4 -261 942 433 2 10
10 148 -875 -309 -2 9
5 -225 -749 522 5 9
9 243 -805 -674 -4 4
9 134 792 641 -1 7
3 -157 155 -837 -6 -3
10 -290 616 854 -5 9
2 160 356 975 -9 8
1 -219 -744 -523 7 -10
18 -185 573 830 -5 3
8 -232 -187 -963 -7 0
1 275 864 -588 -8 5
6 276 -346 -846 -1 5
8 116 893 480 7 1
15 195 -334 986 -4 -6
3 239 741 395 9 -4
13 252 736 -731 -7 0
13 218 915 541 10 -2
6 255 -440 -872 -7 6
7 244 -827 601 -5 -6
2 -285 -724 486 9 -8
10 -216 574 -840 7 6
13 171 -410 928 -4 2
7 195 -570 -921 2 -10
11 -136 863 -10 4 -9
12 -218 -39 903 9 3
12 121 -473 -869 5 -9
16 -108 951 -450 -8 1
5 -192 782 -472 -8 3
10 281 780 -726 -2 8
4 102 -940 -162 -1 6
18 -127 736 -709 7 -2
14 -219 -836 -280 -4 -3
4 -188 -869 -519 -7 5
1 195 -883 83 9 -1
10 -138 -940 79 10 9
6 -273 922 443 -9 -6
10 147 -37 -861 -4 6
19 -108 -717 792 -6 4
10 -237 -549 816 -9 3
18 -246 677 -664 10 8
13 -106 302 943 -2 8
18 217 -992 162 3 0
11 -289 -262 963 -8 -3
11 -133 -974 495 -4 -6
19 -103 -897 -220 3 -9
4 -257 389 953 -1 3
2 -295 -906 345 0 -3
5 -127 -937 436 -6 10
11 239 613 -679 8 -1
14 253 -977 -369 4 -1
16 133 -391 805 7 5
9 138 627 -804 -8 -10
3 214 440 -861 -4 -5
14 -256 848 73 2 -3
3 218 841 -210 -3 -6
12 114 -598 -914 8 -3
11 132 765 504 9 4
4 -209 -926 -335 -4 -9
10 188 -356 -950 1 9
11 173 -850 -545 10 8
2 -283 -721 472 -2 -8
11 110 -240 -826 -2 -3
17 -231 -889 365 4 -3
17 -287 330 -839 -3 -4
4 206 -824 -580 2 4
14 -208 518 -941 -1 5
19 -152 850 525 1 1
8 148 -650 -871 -5 9
5 -157 355 -880 2 -3
17 -170 -992 -55 9 9
11 -124 792 745 -6 9
13 -120 715 468 0 -5
15 -195 543 -681 0 -5
16 -248 682 703 0 0
9 253 258 960 0 1
12 -295 586 -754 4 2
16 -274 756 -762 5 -9
17 -254 -787 604 1 -2
4 -201 787 320 2 -2
2 -234 921 -323 5 -2
16 -114 504 872 -10 -5
17 -205 -757 510 7 -7
4 -217 862 -584 9 10
17 -168 883 537 -5 9
18 -227 782 319 -6 -3
14 223 781 368 -5 9
1 -298 875 346 -1 -3
10 170 942 127 10 3
17 -127 603 -706 -9 9
13 -204 908 17 1 -7
18 -121 -831 -700 -6 -3
18 299 -229 828 -8 -9
1 143 -887 -418 7 -5
12 -274 487 -780 -2 -2
1 -293 778 583 -1 -5
3 -163 -339 987 -8 5
2 -129 -690 -790 10 7
18 191 -784 -486 -6 -2
5 216 271 979 -6 10
17 -198 703 -751 4 -8
5 109 -806 258 -4 3
12 212 932 -5 8 0
14 -226 802 384 6 -10
11 -235 998 164 -4 -10
17 -237 120 951 2 8
17 -278 57 -891 8 9
11 -172 470 970 9 -7
15 278 610 780 -8 -5
1 277 650 -851 -10 -2
14 -196 808 535 6 -9
1 196 439 -760 0 2
10 -255 -300 -949 0 4
13 -266 -572 821 7 -7
11 123 72 852 2 -4
2 278 -283 -843 -1 3
1 182 889 -112 10 -5
16 -159 603 -683 6 7
1 119 499 -863 2 0
13 206 -857 578 -7 1
18 -131 -645 671 -8 -7
3 -177 -750 436 -7 8
13 241 929 213 9 3
1 193 -37 939 2 -2
2 191 -637 -626 8 -7
13 -164 612 -678 10 -5
8 -244 879 386 -10 1
3 162 -876 395 9 -7
14 -226 848 316 0 7
11 143 791 -752 4 2
7 -135 -715 652 -3 -2
13 110 -937 83 -4 10
4 -179 912 -534 -7 10
11 -117 -830 -667 -1 -5
14 143 177 963 -7 6
5 -159 -249 948 9 3
12 294 -833 649 -10 -2
17 -243 -49 978 4 9
13 -147 -799 279 4 4
3 150 437 -892 -3 -1
11 264 330 875 -4 -10
19 -225 930 180 5 0
15 -125 -738 421 -10 -2
14 103 -479 -723 -4 5
18 229 -214 -897 0 2
13 128 657 806 8 9
16 -298 521 929 -7 -2
10 -236 729 -661 -9 -1
12 -179 459 -867 -8 8
11 -207 696 -509 7 5
17 -224 867 564 6 8
14 221 892 446 -7 1
15 -221 872 619 8 6
15 246 -217 -961 4 6
3 -174 -755 665 2 9
8 -273 -575 837 10 3
3 -195 -941 -376 -7 -8
15 -200 611 -734 -3 3
8 117 15 -954 7 -9
4 174 372 759 2 9
15 -134 -885 -562 -4 9
18 -291 -251 -887 5 -9
17 -159 -735 -693 5 8
4 -274 -580 691 2 6
5 260 860 104 4 1
4 145 620 -562 5 4
10 166 495 707 -6 -5
13 297 -241 862 -4 0
3 274 -842 496 -4 -2
2 154 -681 -565 0 5
12 167 -210 810 10 7
13 257 -574 -906 -5 0
13 213 -342 -979 9 -2
13 287 931 369 -4 1
13 236 748 -496 10 5
18 -156 -468 704 2 1
18 228 923 -318 3 1
8 163 309 -809 10 -4
15 198 -694 481 0 6
17 166 447 920 -5 1
2 196 -475 -934 3 -9
7 207 811 -595 4 -9
15 278 605 -594 3 -7
12 -166 -827 410 -4 1
15 -189 -452 718 -5 -8
11 172 823 698 -8 0
10 239 870 291 6 -5
5 -240 -526 -774 6 6
18 -159 -991 -266 -6 -1
7 266 857 514 -2 -10
9 -117 -250 827 -3 4
14 -153 917 -523 -3 -7
6 203 659 -695 3 -4
15 -106 -834 -219 8 -6
3 -159 783 313 -8 1
11 159 -882 370 2 -3
17 -247 532 893 0 6
3 186 835 303 -6 5
10 267 702 461 6 -3
1 -133 -340 977 -9 -9
1 140 -796 379 -7 6
15 195 -638 -643 9 -5
13 275 -410 863 6 -5
14 100 533 -646 -3 -6
7 231 -156 -888 10 -10
19 -140 154 917 6 -10
6 -149 782 -571 8 2
2 157 591 -611 3 0
2 104 -641 -881 2 2
10 160 -530 771 7 0
19 -259 -890 323 2 3
9 235 490 829 3 -8
9 -121 337 -870 8 8
7 261 967 254 5 -3
14 -120 -137 977 8 -1
13 288 -335 -847 5 2
6 270 916 -416 -1 9
6 -108 656 617 0 6
10 148 27 880 -7 -6
17 210 547 653 -10 -8
4 -117 -447 -863 0 -1
7 -220 -584 -730 1 7
9 141 -723 459 0 5
19 172 -919 -95 -6 -2
10 121 822 545 -1 7
13 165 -454 827 -1 1
10 -125 280 -954 2 8
8 278 981 -71 3 9
8 -274 40 917 2 -4
6 159 -648 844 -10 1
15 142 -596 -881 10 6
15 -268 65 -918 -9 -8
16 192 -540 -669 -2 -10
7 -153 834 -69 -5 -9
13 256 -846 -571 7 0
10 -283 -599 -788 4 9
4 -182 887 108 -5 -9
14 -255 863 309 -3 -4
10 -106 846 660 -9 -4
17 -134 -766 666 10 -8
16 -299 -699 652 -10 -2
4 273 707 -589 6 7
2 103 -821 462 -1 -10
4 -234 -460 -971 5 1
4 281 392 773 9 -4
1 290 688 -680 -7 -6
3 266 336 791 3 2
2 -111 -348 -869 -5 -4
11 141 -92 929 -6 -1
1 -219 -465 764 8 9
4 103 853 -149 -8 -10
10 -162 3 -938 9 -4
18 216 -887 202 5 3
7 283 580 812 2 -1
13 -160 -960 -56 -6 -6
1 -207 -558 938 -3 8
17 203 -467 790 3 2
19 297 -655 695 1 -3
14 -289 -764 524 -9 7
10 228 448 732 5 -5
13 188 721 442 -3 -4
14 -126 369 -917 3 -4
12 201 -606 -682 -8 -1
18 -167 973 344 -2 -2
16 -283 645 -600 0 -8
12 -170 -561 -824 -2 -3
3 -180 -356 -933 4 -3
10 192 -356 929 6 10
8 296 843 409 -3 7
19 -251 832 -498 5 -4
14 -109 -976 -376 -5 3
5 -114 -565 858 -3 9
7 -163 -560 781 7 8
3 230 -478 957 -10 8
1 -258 949 75 -7 -7
15 140 -865 -642 5 3
2 -294 376 910 -10 6
8 -124 -897 -197 -2 3
4 272 51 863 -9 -9
16 -279 -863 371 -10 -4
5 -231 -964 -16 -8 2
6 215 -82 921 5 2
14 297 891 87 8 -3
4 -198 -581 -742 3 -6
8 -230 868 603 1 6
10 120 -880 -57 -7 10
14 202 938 484 3 7
16 269 950 99 10 10
2 -219 673 644 -1 10
2 -154 893 552 -5 -9
16 -127 219 -815 -1 -4
11 -261 -187 885 0 2
1 129 889 -108 -8 4
11 -277 910 232 7 -10
14 242 335 841 4 -9
14 -287 374 759 -7 6
3 191 775 351 10 -9
6 195 -130 -871 3 -7
10 102 -918 374 -10 9
19 -108 -575 -838 4 5
13 294 253 -857 -5 3
5 244 -760 356 10 -3
5 119 798 -538 9 2
16 -211 -697 635 10 9
19 -148 -919 -564 6 4
18 293 -748 745 2 5
2 -248 -395 841 7 8
17 141 150 -937 5 8
12 250 906 233 -9 -9
8 -281 613 -805 -2 -4
16 108 322 969 -1 7
2 204 -497 824 -8 4
3 214 880 -129 1 4
15 242 -577 662 7 -10
9 171 523 -961 -1 7
7 -117 687 -673 -4 -9
7 -255 -114 -880 -7 4
15 279 225 976 -9 -3
12 158 913 247 -9 -3
7 277 608 -587 9 -7
12 -191 -679 847 9 -9
1 -196 -559 704 7 9
10 -147 826 -610 0 4
1 -243 760 -761 2 10
7 157 -1 -975 7 -4
12 -227 -804 650 5 1
16 -271 -716 -453 7 -8
11 159 -274 987 9 0
4 -133 -776 518 7 8
4 219 860 94 -2 -5
16 263 773 -345 -1 -8
3 169 -508 -791 3 4
11 -124 947 479 -6 -4
9 -127 874 -69 -9 0
12 289 664 757 4 8
9 228 829 -646 1 4
9 -124 579 -662 -1 8
17 -260 -323 -951 -5 6
17 269 -803 479 10 10
17 -178 283 916 4 0
16 112 294 -843 2 0
8 180 -623 -821 -2 10
8 -171 -756 -671 0 8
18 -126 832 -692 4 10
10 -169 -715 -815 2 5
18 -272 -411 -999 0 4
15 280 -833 -198 9 6
13 242 -747 -385 -8 0
2 -113 591 618 5 -4
13 -101 708 -580 4 -2
11 277 914 -433 4 -7
14 150 338 -968 6 -6
14 -149 -762 640 10 -8
14 -279 323 -893 -4 3
10 117 954 -108 -6 4
9 -280 705 -643 6 -5
6 -148 283 -815 7 -3
6 189 -98 910 5 9
13 -157 -973 354 -4 1
11 -220 839 380 10 4
1 -166 545 897 -5 6
10 -270 -897 -335 -2 -5
9 149 718 660 -10 10
14 -179 895 168 0 6
4 250 -774 -597 1 6
19 -173 748 -750 6 3
6 -220 937 -19 10 10
16 -279 -714 -700 3 -5
15 -226 266 -794 -4 -5
1 281 -254 935 -2 8
18 -284 -520 935 7 3
6 -260 907 445 10 1
12 -167 -760 601 -2 8
11 -245 -251 935 -8 3
12 -165 -144 -943 10 6
12 -244 -682 -493 -10 -6
7 202 -862 -172 -5 -4
19 -253 418 -970 -2 -2
7 -135 -717 -570 5 -5
4 173 -530 657 -4 -1
17 193 -500 -702 2 -1
3 -248 -916 -257 10 -9
1 -158 -785 546 -5 5
1 207 -722 -707 -1 3
1 223 -258 892 3 9
10 -233 -550 886 -6 6
1 -254 853 -539 7 -1
15 -140 835 -636 5 4
6 -173 -655 -726 -5 1
16 150 785 -508 4 -7
10 -298 -947 175 4 -9
4 -173 574 864 -6 4
7 204 -311 853 -7 -3
2 172 44 937 4 8
11 -214 853 308 1 3
13 114 872 35 1 10
10 -281 360 979 9 -10
3 121 -878 -255 -3 -4
3 -125 819 375 1 7
13 -240 380 871 3 -7
12 281 -338 805 8 -8
1 126 582 927 8 -3
12 289 -769 629 3 -7
8 -138 739 -625 2 2
9 115 -68 -892 -8 5
19 -244 -772 -613 2 6
11 262 -607 666 3 4
2 250 456 776 6 -8
9 109 -931 281 -6 2
16 286 727 455 -3 -3
18 201 83 854 0 1
13 -111 693 760 -1 9
12 -233 -858 266 1 -9
2 131 -138 -956 0 2
11 196 211 -878 7 -4
18 -126 -441 920 -10 9
8 -202 454 809 3 0
1 238 359 -821 5 5
14 -298 713 451 5 -3
4 228 -944 -104 1 8
11 -138 -982 158 3 3
8 128 607 -818 -8 3
11 268 705 -453 8 -9
14 158 -922 -456 10 -2
8 -280 778 -743 10 9
18 208 -837 76 -1 -6
19 -274 -433 900 3 1
2 175 -993 318 -9 8
8 -199 -197 -881 -2 -5
19 -108 -186 -824 -6 2
3 101 -433 867 0 10
14 280 828 465 -7 -7
16 -154 364 -919 -3 5
4 293 -853 -311 -10 3
17 291 964 51 6 5
9 -236 -879 241 0 -5
11 127 -921 95 0 4
8 -178 -532 -708 6 1
7 -219 -992 -205 -1 -3
2 -273 647 -552 8 -7
13 -250 -890 72 -6 1
8 -155 -941 -520 -2 5
10 -139 670 -659 2 -10
16 -217 -661 -777 -10 0
18 -249 -666 736 2 -6
6 287 361 -803 -9 -5
6 165 -213 887 -3 4
15 -254 -188 934 3 8
9 113 -927 -197 -8 7
5 205 888 -576 -4 6
19 -126 -98 845 -3 8
10 204 -131 989 2 -8
17 -229 847 247 10 -10
13 236 190 829 -3 -3
1 -168 -122 -987 -8 8
5 280 313 -986 -10 -10
7 294 -349 -946 1 -6
17 -147 863 -384 2 1
4 202 -820 529 -10 -5
3 254 -316 -788 -3 3
6 -227 -84 902 -2 7
4 -285 864 -6 -7 4
6 -104 575 -926 0 2
15 -265 578 -649 -3 10
12 118 -21 -880 -5 9
14 -167 449 919 -8 3
5 151 753 574 -2 10
7 -193 -683 -789 3 -5
2 280 -939 -320 -8 -4
13 209 -30 917 -3 5
9 278 -857 421 8 7
1 -202 -890 186 8 -10
13 -195 -772 -530 0 -3
14 295 516 701 6 -10
7 226 -398 -747 10 -1
12 -234 -770 750 6 4
15 -187 277 -832 0 0
14 115 864 366 10 9
3 -254 -769 691 5 7
15 -238 535 749 -8 -10
14 -214 400 944 -7 10
10 -172 534 -894 6 5
16 -102 -45 -875 -5 4
12 -294 325 784 -6 -8
12 257 -878 -336 10 0
10 117 980 -393 -5 -2
10 -142 926 -67 -2 8
7 -295 -278 883 7 -10
8 -248 920 -455 -9 -5
13 -282 750 -641 -7 -5
2 -170 624 670 7 9
1 121 851 -356 4 -2
15 -259 -541 -949 -8 3
19 279 452 708 0 -7
9 242 501 -793 -2 9
3 190 -687 -781 -9 -10
12 -132 -877 -396 3 5
5 171 948 24 -7 0
11 120 397 987 -8 6
1 119 915 372 0 6
4 -272 930 -8 6 -4
10 171 428 -761 -8 10
9 292 -653 -544 -8 -9
13 -213 -789 -303 8 -10
10 218 684 669 -2 -3
11 106 318 989 -4 -9
17 -221 -405 -859 0 2
9 -237 363 -973 -9 -7
2 -109 506 709 -3 -1
14 -228 534 -711 7 -8
16 254 776 671 10 -1
9 -154 915 322 -1 9
8 234 881 458 7 2
18 -151 954 125 -6 5
16 186 -778 -496 0 -5
4 104 -714 -561 7 0
11 -250 -814 -467 0 1
4 263 -437 -939 6 4
5 277 -621 577 6 5
12 233 -874 274 -6 -10
15 230 -329 -823 7 7
8 259 -397 993 5 2
14 -198 -426 769 -6 7
19 105 424 872 -1 -9
12 100 -391 -766 0 -9
16 -128 -844 -69 -2 0
11 -225 -776 382 -10 -10
3 292 -455 -798 9 8
3 212 -507 787 -8 -9
2 196 784 590 10 2
12 -197 -788 522 2 1
4 229 437 891 8 2
9 117 -838 -304 -6 10
6 266 825 -427 6 -7
14 -150 936 -345 -5 -8
3 -216 -302 -951 -7 3
6 288 -422 -768 -4 -3
10 -212 -846 -456 3 8
13 -189 446 909 0 -5
3 -198 818 583 -6 6
2 122 -992 -177 -3 -10
12 165 511 -904 3 -9
15 267 -911 334 2 -1
14 229 -484 979 -4 7
7 181 -891 -8 -4 1
19 255 634 780 8 -9
9 275 -507 893 3 0
19 214 -785 526 8 7
8 -172 -592 869 -5 -8
9 -191 221 930 -5 -7
16 -130 495 -710 -10 9
17 -223 -655 -877 0 -3
12 -214 899 -439 -3 4
6 165 -895 218 -2 2
16 -159 -856 569 6 -8
11 174 240 937 -8 -7
18 108 -909 419 8 1
10 -241 -963 355 -7 2
11 110 -637 731 -5 3
1 141 -682 749 -9 -7
19 234 -566 -931 2 9
10 -102 113 962 7 1
13 133 866 224 -2 10
19 197 21 -989 10 -9
9 -290 389 866 0 -4
3 123 -206 850 -8 -1
6 228 -831 122 5 -3
3 281 277 -827 -2 -1
19 -197 -485 -776 -1 4
4 156 987 311 -4 -8
16 -169 168 -866 -8 6
3 219 178 -906 10 0
16 -201 613 -746 1 4
17 -199 -931 140 4 -9
5 293 87 -932 2 9
19 154 20 -912 5 -1
11 -290 -423 -895 -6 7
17 -229 -581 844 10 7
18 130 200 -971 -7 -7
5 123 590 -817 7 0
8 -248 -993 -14 4 -4
17 -264 -801 615 -3 -10
2 -134 744 656 2 -5
19 291 661 648 6 -5
13 -204 -837 -311 0 -1
8 156 -328 -811 -2 -7
9 -149 455 774 -7 4
18 201 716 -820 9 -8
15 297 632 -841 -1 -5
5 -263 -875 -228 8 4
19 108 437 994 -7 0
4 247 152 -839 -2 -5
14 -108 -990 172 -3 -8
11 -294 202 962 6 1
8 -190 -180 -895 -9 5
2 211 714 -711 -6 9
1 176 -907 38 -8 -9
2 160 -674 -566 10 6
3 -104 -784 389 4 -9
1 -116 -525 736 2 -5
4 -265 -778 625 0 4
17 216 -717 -514 -3 -9
3 153 -686 -847 10 -8
4 218 -478 842 -10 -4
7 124 990 -429 -4 -5
1 -294 -494 -906 -8 5
5 -163 633 -865 -5 -7
12 240 655 -526 -9 9
10 198 588 854 8 3
8 292 -215 837 7 6
7 105 984 -356 4 -5
9 152 -593 -618 -5 -9
6 -238 636 -652 -1 10
19 112 583 661 6 4
4 -171 996 -340 -7 0
2 -290 -361 -871 6 -4
15 -119 -354 873 -8 -7
18 -110 -486 -922 1 -8
11 -236 320 860 -9 4
10 110 217 -972 3 -4
4 179 666 822 10 1
9 -211 850 398 3 1
5 -209 87 875 3 -6
15 -280 -443 926 10 5
8 142 -875 -418 -5 -10
15 -153 300 -894 -1 -3
1 204 848 82 7 2
19 246 351 -962 9 -9
6 -148 598 771 -9 3
9 -131 655 728 6 -7
15 -279 365 -851 9 3
13 -144 851 -223 3 -10
2 -253 -864 418 -8 10
6 120 -423 819 2 9
1 -244 812 -559 4 7
13 171 779 384 -8 -10
8 -115 -737 -409 -10 -10
18 182 743 683 6 -5
18 -254 -802 670 5 5
3 207 -64 -938 7 5
6 -292 448 983 -2 -9
16 135 -959 75 -3 -6
8 -169 750 -387 6 -2
11 275 -594 616 10 9
10 -230 270 -903 0 7
4 -140 -243 -831 -2 1
3 -219 636 745 1 10
19 143 -904 -352 8 -4
16 210 -425 932 -10 6
5 227 604 -818 0 1
5 -183 -977 335 5 6
6 296 -517 808 -10 1
15 194 698 -806 -7 -1
7 -109 150 890 -10 4
10 260 682 561 -9 -5
2 -246 665 702 1 -2
7 198 226 819 -2 8
11 280 -782 744 -9 5
7 -111 -623 827 7 -4
2 285 -982 -202 -9 5
19 146 -604 833 -7 -4
6 233 783 -660 -6 3
15 -222 441 -750 5 -9
15 -104 -573 -866 2 -3
12 -128 -244 -961 3 -6
19 -228 -561 722 -7 -4
5 -130 -911 -75 -1 10
2 108 -883 -28 -7 2
9 272 963 -495 2 6
16 -179 -421 805 -10 7
4 265 -719 487 -10 9
17 216 -756 592 2 -6
4 -292 -819 486 2 -3
8 -157 244 -850 6 -4
1 198 -112 -866 -9 4
10 175 -862 -70 -2 10
17 -221 -994 -411 7 1
12 185 -828 -669 -5 7
14 171 -708 -467 -8 -8
3 140 365 -968 8 9
17 -262 821 677 -6 -2
13 -275 -343 881 0 7
6 278 -820 268 10 -6
2 274 622 -845 -3 1
4 -111 249 -873 -1 3
16 -285 605 -743 3 9
17 -181 797 -425 5 9
11 -144 273 955 5 -7
18 259 887 549 -5 6
13 -297 541 -793 1 -10
3 286 -472 -740 10 8
4 -167 -741 -739 0 0
8 -256 299 -808 4 -9
16 -264 -853 51 -2 9
15 260 821 -501 3 5
12 -115 959 239 5 -7
6 298 -812 471 6 8
10 223 639 741 -6 -9
11 223 -734 -753 3 8
18 213 603 590 6 -3
10 -208 -938 397 -4 -6
11 135 804 -583 1 -1
4 -282 -771 729 4 1
9 -170 813 626 -1 4
16 263 206 -986 -8 6
2 -238 -60 893 -5 -1
1 165 560 663 2 0
14 199 -544 -947 -8 -9
5 195 751 433 -3 10
6 -141 716 -655 -2 9
10 -145 20 883 -1 -10
1 -197 611 -846 -7 -8
17 188 -376 -963 -8 4
9 -193 801 580 4 4
3 -291 -406 -829 -8 1
1 -100 -419 -973 -4 -2
13 122 -455 975 1 -2
19 -201 -717 -682 2 -10
15 186 -929 -342 -7 4
12 -285 -457 -950 -1 -10
8 107 -884 417 4 9
3 -200 -760 621 1 5
6 -144 403 -830 2 -7
2 192 371 -916 1 7
6 248 -862 125 10 -9
14 225 -104 -899 -1 -8
6 104 -945 -304 8 5
5 228 452 -955 -6 6
18 263 -231 828 -3 -7
8 233 -331 -785 -9 -4
6 133 -921 -220 6 -1
1 208 -497 768 -5 -3
3 170 761 676 3 -8
4 235 226 -854 8 -4
9 129 -998 -360 5 0
7 -239 803 590 3 9
5 -236 -693 627 -7 2
5 261 -916 -246 0 -6
6 277 515 -892 -5 0
19 242 504 -806 8 -5
5 183 -492 -691 -1 4
2 -257 898 -150 4 10
9 178 -973 363 -1 3
13 -264 364 891 5 -7
11 -135 798 473 -9 1
9 -211 -917 575 5 -5
14 -221 169 940 1 1
10 -128 -729 -513 8 -3
8 -176 -622 844 -4 6
3 290 -562 -769 3 9
19 151 507 768 -7 0
7 238 473 -717 -1 0
10 -143 715 -533 7 -1
4 218 -808 -314 -1 -8
8 -131 -86 948 -9 -3
7 -200 486 -764 -7 -5
3 175 -681 -741 -5 -1
6 -264 -846 -562 -8 -3
14 206 637 552 -6 0
19 -269 -26 -902 1 8
17 210 -853 526 9 -5
15 -210 -609 857 7 -2
1 -189 772 -553 2 4
9 -261 596 -763 10 9
19 280 -294 -981 -1 10
5 -159 -778 344 4 0
7 198 783 -708 -7 4
8 192 -605 -714 0 -9
1 -203 -671 -521 6 -1
5 -100 608 830 1 5
16 -228 -676 532 -4 8
3 -253 483 -883 6 6
11 121 -884 -548 -2 -4
4 -245 887 -67 -4 5
8 -225 269 -998 8 8
5 261 -339 831 4 0
17 -271 -331 -981 -10 10
3 213 777 -468 -9 -6
19 -197 934 512 10 -1
9 116 461 -878 0 -5
13 -173 -110 -952 5 4
17 -159 -710 -544 -5 6
11 232 798 649 8 -1
16 240 -703 573 10 5
10 115 449 -936 9 -8
10 102 94 925 5 -1
10 141 -527 902 3 2
9 -192 755 405 10 4
15 -231 915 -590 -5 -5
3 295 724 651 2 8
4 -201 -604 828 0 -1
6 249 685 772 4 3
4 243 -159 -877 -4 -9
4 -260 -550 -638 0 5
7 -183 669 -677 7 9
16 261 454 856 -9 -1
4 -199 -376 -885 -2 5
19 -183 960 -485 4 -4
10 -108 -574 -685 -9 -2
5 -266 -968 236 9 5
3 -197 987 116 -8 -8
19 230 785 359 -5 10
5 270 -30 963 -3 9
8 103 -695 543 -6 -4
10 -254 -651 841 -5 -7
16 -137 660 852 10 4
6 153 96 943 -5 0
3 -295 -727 -709 10 -8
19 285 -361 889 5 10
11 -102 123 923 -3 -8
18 -297 -355 -832 8 -2
3 295 -830 -131 -5 2
5 267 658 -772 -5 4
13 -289 -714 -618 5 10
2 267 -155 -827 7 -5
19 227 794 -412 10 1
10 209 592 735 8 5
1 -128 247 -876 1 -5
19 -191 -804 296 3 -2
5 -125 251 -843 8 -2
18 172 956 132 4 9
6 104 -724 815 10 -9
8 277 -216 -839 -8 -4
6 264 -721 -668 -7 -8
12 111 496 -925 5 -6
16 204 -852 -150 0 1
18 124 -479 833 1 -7
19 -191 -340 -775 10 6
15 253 -599 908 3 -9
18 209 320 948 -8 -6
3 -155 -616 872 7 -10
11 253 -851 -342 -4 -3
19 282 -642 -735 1 -10
1 -126 -15 978 -1 5
10 -261 945 -185 -4 9
14 -213 -875 268 3 7
5 -230 637 -638 -2 2
7 173 968 -326 2 -6
17 -176 -884 639 -9 -10
11 -297 -689 -796 9 0
14 -184 -234 913 9 5
12 190 902 89 2 5
7 -139 -402 967 6 0
9 261 -783 -472 1 -7
7 192 -958 -5 -1 -6
13 -155 -893 100 6 -5
8 243 -848 -649 2 -1
14 -260 954 -45 9 4
5 190 -978 165 -2 9
7 187 727 515 3 3
11 174 862 491 8 6
18 -241 -782 -358 -10 2
17 -158 -181 873 -2 -6
10 282 164 830 -3 5
1 -284 637 -668 -2 -9
1 273 -751 785 -6 -3
12 -180 -652 715 -10 7
2 291 -868 -501 4 -2
2 115 -887 -318 5 -7
13 -128 751 -551 -3 10
9 -207 -852 360 2 4
3 277 736 413 1 7
12 -249 607 707 -4 -6
7 -244 734 741 10 9
10 184 156 -855 1 0
19 173 847 -338 5 4
14 -128 774 403 1 -3
9 279 -857 -148 7 -9
4 108 873 440 -4 5
8 -198 117 -838 4 4
1 -294 -507 -817 6 4
1 -109 -957 328 -8 0
9 -196 -929 -370 -7 -4
15 -116 -403 -906 -5 -9
2 173 928 2 8 7
4 218 -222 -994 -5 -9
16 114 -714 612 -9 10
3 152 950 -54 7 9
6 254 432 -877 3 9
19 294 448 -822 2 7
8 -264 7 981 -2 4
9 142 -348 981 6 5
9 250 -869 311 10 1
13 280 -817 -668 -2 0
6 184 682 746 -10 -5
18 -195 534 -881 -2 -8
2 -121 -238 -945 8 -7
13 111 -619 659 -4 9
12 -206 -921 114 -5 -3
6 -114 -892 233 6 -10
4 -206 -836 -177 -8 9
3 -273 726 -819 -8 -6
11 -132 -621 899 -5 2
4 -291 157 871 -5 -2
15 192 593 -593 10 -5
12 117 -914 46 1 -9
14 -187 840 508 4 -5
12 105 -797 -499 -7 -7
10 -106 -954 121 7 10
1 191 835 -643 10 -5
16 171 962 -286 -6 -5
11 -216 415 756 -1 -10
7 -259 -980 341 -9 -1
5 177 247 -977 -4 3
11 283 923 198 0 5
